0.1629
0.07212
0.04911
0.03671
0.02989
0.02495
0.02199
0.01927
0.01783
0.01607
0.07332
0.03673
0.02497
0.01876
0.01604
0.01341
0.01199
0.01053
0.01325
0.01196
0.04893
0.02453
0.01711
0.0129
0.01119
0.009383
0.01142
0.01004
0.01142
0.01033
0.03728
0.01873
0.01334
0.01036
0.01329
0.01114
0.01218
0.01071
0.01235
0.01117
0.03343
0.01681
0.0124
0.009381
0.01214
0.01018
0.01174
0.01036
0.01148
0.01042
0.02845
0.01433
0.01301
0.009852
0.0124
0.01042
0.01144
0.0101
0.0115
0.01045
0.02452
0.01236
0.01272
0.009637
0.0117
0.009835
0.01128
0.009934
0.01104
0.01003
0.01856
0.00942
0.0124
0.009418
0.01167
0.009862
0.01098
0.009723
0.01099
0.01001
